
Start: 2023-06-30 10:00:13.452543
End: 2023-06-30 10:00:25.003232
Elapsed: 0:00:11.550689

